scores: [0.8929767178956889, 0.8487562841040817, 0.8788721478892862, 0.8706564672197514, 0.7976713664314767, 0.8911037240862925, 0.8245825653966381, 0.8275469157552943, 0.851497152617247, 0.8756093583376634, 0.8126203370212502, 0.9422979719108848, 0.8476472113614939, 0.8957927286991865, 0.8486967180279319, 0.8218167671088624, 0.9692109198611435, 0.8567891803445964, 0.9512075860198005, 0.9818896544112391]
evaluation_score: 0.874
cost: 0.41137
